5646428529833603710854376801719732121889771686125102421349898409102848702003905102057129871853579459735758942656769724874115169484320460874488881525976727551
2
3
258
161
4737755258554672762067850530207950199627224381453988228538200512975513455085466646789985270735448693937510006990798479767581073831563143198953520267766863014
3496574844288059092325959969356206199671217102540816198385543191130269196605492901459932486265955328854405237439250044411674253108940694996253084682900373159
0
1
4007653079555470045944151033411853610851691938426048267809499332795302714773319212726061253610651903352256973076084482378952853200051016236982820829930079529
2285750843530415700795084192768984580390247197166479654933860400058279474652349500879265589529883697147541045024004942321447355648315288967685491552219275178
2544231788607458244944722512070791553971320146354032567606020274101594448268113613796791951885893821002266587093318958912914352023541163900953462081995932868
1324011955442819605586067069981314768149370886168042925150733181055104314036151983305866245976259144410071814837182287994003677199951264830959593008051311140
1102347156374151449359230291795475365007782310124868305094707139677936563627864241244291102344142319910302633922732394336249426133827575774368817953967858573
2721915516453553839284801008657362984050950062149677940188532465701548722859023178105602536393114166979891298048422657617451868186700498653924685899340559614
3648830939593789251785385807241680555452602404344364719246236048299670498162690075585147188549328756027904050079971200598754643727003864196440140923764417571
3040737027709220850532811993523957892043383500512992217386580929054595917344106822260646859635746103918728450168534471384162247797918922570293633124748715503
1389997550076007382828587206737484486059443128412243880899005316164200056650027165891713841605004848216168810092397592184420150397809290180823984699649008287
2300125760192537829021933247907368490762069215277647125457407529014461456197267691782085006309777822291326308037382257403828867300715056428117953903246874378
1401953309016537786646524222015028640085483184349841370825933972485901730679740588110695361923244034722539507839198738404789367563937434453539796704519757816
4065153869159505121574183015604136813753211359513967754171389712425022448751453479111363656595684641389305371501910512324529252814487123531642469632402346839
2238260289050875634390504889396713109200025861916254735583536597787977358152725401665967413106969362148007942944733312936383550482873788854796816483167824279
3495767240044763801165847998960337173469506839363258689847435178043731791471583240114094669905140851861632083955196797659651482838100193520082040485726535102
985406224968132841706483254989396963503417555604462031395558320334089848015233344472599595145591081564447276221772448778182116989269312418498199276421992857
4791299854604535981625029846362277750445184294403224254554008899929546187652850669520579060548533087198988499511459179681554988374688415046084732952738196804
5363877003451712484044068701665425366998672806616407706155071464954909340562574735875925500239749957497929033163149753877114936566186697782231552573902116281
17349955960526876640334297214702815216874393893749480900030011136577111729918288277956117401295275030872863141541541802244704104174356966923161793147565536
2751767020729232346370010312238090757928838275268590663073721288322887003373783149095911738200215051015010884161658743839887808066257845101671133057792647849
3866745575570058374176150054662454853933443671481198264123705638338352732345857326605091692045838545609064790605647209746550754700048376261019150285749516706
107896680851793637569563228733723736853888027868755449466724829191769417731573390648682845626127951610185105858101668599407847802622170028246423527944247664
4395020900771621258020556401392296458140117516055626606057878555549223069415975546027747767714326969373661130562805126003564212081541244730223013186921549033
988883573364762606646544237848634187945938193696842277236654962317457849019685003621559136380386400770346329208974309818388259202167622249295060436966121336
4899747726817914426614846895231192926269970293117122105522975171125167448492836513404216249107338217550517533764294732444219672957996719022053697833926718351
1761142210172205617416515752988604218962848749059415721961607300687223428179554548233238661147539962993534777663834923236750352322701332780274987143680920744
5041664061680085490706301462550765664834415704081953063150894309573784569474848897699743922947293911956929668354328031139336520320198003779819018298035563959
257
0
0
1
2
3
3
4
4
5
6
6
7
8
8
9
9
10
11
12
12
12
13
14
14
15
16
17
18
18
18
18
19
20
21
22
22
22
23
24
25
26
27
27
27
27
27
28
29
30
31
32
33
34
34
34
34
34
35
36
37
38
39
40
41
41
41
41
41
41
42
43
44
45
46
47
48
49
50
51
52
52
52
52
52
52
52
52
53
54
55
56
57
58
59
60
61
62
63
63
63
63
63
63
63
63
64
65
66
67
68
69
70
71
72
73
74
75
76
77
78
79
79
79
79
79
79
79
79
79
79
79
79
80
81
82
83
84
85
86
87
88
89
90
91
92
93
94
95
96
97
97
97
97
97
97
97
97
97
97
97
97
98
99
100
101
102
103
104
105
106
107
108
109
110
111
112
113
114
115
116
117
118
119
120
120
120
120
120
120
120
120
120
120
120
120
120
120
120
120
120
121
122
123
124
125
126
127
128
129
130
131
132
133
134
135
136
137
138
139
140
141
142
143
144
145
146
147
148
149
149
149
149
149
149
149
149
149
149
149
149
149
149
149
149
149
149
149
150
151
152
153
154
155
156
157
158
159
162
0
0
1
2
2
3
3
4
5
5
5
6
7
8
8
8
8
9
10
11
12
13
13
13
13
13
13
14
15
16
17
18
19
20
21
21
21
21
21
21
21
21
21
22
23
24
25
26
27
28
29
30
31
32
33
34
34
34
34
34
34
34
34
34
34
34
34
34
34
35
36
37
38
39
40
41
42
43
44
45
46
47
48
49
50
51
52
53
54
55
55
55
55
55
55
55
55
55
55
55
55
55
55
55
55
55
55
55
55
55
55
56
57
58
59
60
61
62
63
64
65
66
67
68
69
70
71
72
73
74
75
76
77
78
79
80
81
82
83
84
85
86
87
88
89
89
89
89
89
89
89
89
89
89
89
89
89
89
89
89
89
89
521
8346062766143512668324136867434521825884331909811804913771000127747398798952317790002066236183263858946614326800771454190511962601693668405509757182166117486
47125446914534694131579097993419809976955095716785201420286055195012674566357244479460731079205201122720511132925006540350105785156086431086764996857554304860885586653967937772270969055149056096849908977391371752266308172471982589601097478449614615258949356272900190565812730839296826751014759649673012612226351104
